255 1 127;
239 9 135;
223 16 143;
207 24 151;
191 32 160;
175 40 168;
158 47 176;
142 55 184;
126 63 192;
110 71 200;
94 78 209;
78 86 217;
62 94 225;
46 102 233;
30 109 241;
14 117 250;
4 125 252;
12 133 236;
20 142 219;
28 150 203;
37 159 187;
45 167 171;
53 176 155;
61 184 138;
70 192 122;
78 201 106;
86 209 90;
94 218 74;
103 226 57;
111 235 41;
119 243 25;
127 252 9;
135 252 1;
143 244 1;
151 236 1;
159 227 1;
167 219 1;
175 211 1;
183 203 1;
191 195 1;
199 187 1;
206 179 1;
214 171 1;
222 163 1;
230 155 1;
238 146 1;
246 138 1;
254 130 1;
250 122 13;
241 114 29;
233 106 45;
225 98 61;
217 90 78;
209 81 94;
200 73 110;
192 65 126;
184 57 142;
176 49 159;
168 41 175;
160 33 191;
151 24 207;
143 16 223;
135 8 240;
127 0 255