255 1 127;
251 3 129;
247 5 131;
243 7 133;
239 8 135;
235 10 137;
231 12 139;
227 14 141;
223 16 143;
219 18 145;
215 20 147;
211 22 149;
207 24 151;
203 26 153;
199 28 155;
195 30 157;
191 31 159;
187 33 161;
183 35 163;
179 37 165;
175 39 167;
172 41 169;
168 43 171;
164 45 173;
160 47 175;
156 49 177;
152 51 179;
148 52 181;
144 54 183;
140 56 185;
136 58 187;
132 60 189;
128 62 192;
124 64 194;
120 66 196;
116 68 198;
112 70 200;
108 72 202;
104 74 204;
100 75 206;
96 77 208;
92 79 210;
88 81 212;
84 83 214;
80 85 216;
76 87 218;
72 89 220;
68 91 222;
64 93 224;
60 95 226;
56 97 228;
52 98 230;
48 100 232;
44 102 234;
40 104 236;
36 106 238;
32 108 240;
28 110 242;
24 112 244;
20 114 246;
16 116 248;
12 118 250;
9 120 252;
5 121 254;
2 123 255;
4 125 251;
6 128 247;
8 130 243;
10 132 239;
12 134 235;
14 136 231;
16 138 227;
18 140 223;
20 142 219;
22 144 215;
24 146 211;
26 148 207;
29 150 203;
31 153 199;
33 155 195;
35 157 191;
37 159 187;
39 161 183;
41 163 179;
43 165 175;
45 167 171;
47 169 167;
49 171 163;
51 173 159;
53 176 155;
55 178 151;
57 180 147;
59 182 143;
61 184 139;
63 186 135;
65 188 131;
67 190 127;
69 192 123;
71 194 119;
73 196 115;
75 198 111;
77 201 107;
79 203 103;
81 205 99;
84 207 95;
86 209 91;
88 211 87;
90 213 83;
92 215 79;
94 217 75;
96 219 71;
98 221 67;
100 223 63;
102 226 59;
104 228 55;
106 230 51;
108 232 47;
110 234 43;
112 236 39;
114 238 35;
116 240 31;
118 242 27;
120 244 23;
122 246 19;
124 248 15;
126 251 11;
128 253 7;
130 255 3;
132 255 1;
134 253 1;
136 251 1;
138 249 1;
140 247 1;
142 245 1;
144 243 1;
146 241 1;
148 239 1;
150 237 1;
152 235 1;
154 233 1;
156 231 1;
158 229 1;
160 227 1;
162 225 1;
164 223 1;
166 221 1;
167 219 1;
169 217 1;
171 215 1;
173 213 1;
175 211 1;
177 209 1;
179 207 1;
181 205 1;
183 203 1;
185 201 1;
187 199 1;
189 197 1;
191 195 1;
193 193 1;
195 191 1;
197 189 1;
199 187 1;
201 185 1;
203 183 1;
205 181 1;
206 179 1;
208 177 1;
210 175 1;
212 173 1;
214 171 1;
216 169 1;
218 167 1;
220 165 1;
222 163 1;
224 161 1;
226 159 1;
228 157 1;
230 155 1;
232 153 1;
234 151 1;
236 149 1;
238 147 1;
240 145 1;
242 143 1;
244 141 1;
246 139 1;
247 137 1;
249 135 1;
251 133 1;
253 131 1;
255 129 1;
254 127 4;
252 125 8;
250 123 12;
248 121 16;
246 119 20;
244 117 24;
242 115 28;
240 113 32;
238 111 36;
236 109 40;
234 107 44;
232 105 48;
230 103 52;
228 101 56;
226 99 60;
224 97 64;
222 95 68;
220 93 72;
218 91 76;
216 89 80;
214 87 84;
212 85 88;
210 82 92;
208 80 96;
206 78 100;
204 76 104;
202 74 108;
200 72 112;
198 70 116;
196 68 120;
194 66 124;
192 64 128;
189 62 132;
187 60 136;
185 58 140;
183 56 144;
181 54 148;
179 52 152;
177 50 156;
175 48 160;
173 46 164;
171 44 168;
169 42 172;
167 40 176;
165 38 180;
163 36 184;
161 34 188;
159 32 192;
157 30 196;
155 28 200;
153 26 204;
151 24 208;
149 22 212;
147 20 216;
145 18 220;
143 16 224;
141 14 228;
139 12 232;
137 10 236;
135 8 240;
133 6 244;
131 4 248;
129 2 252;
127 0 255