255 0 0 
253 0 4 
251 1 8 
248 1 12 
245 2 16 
243 2 20 
240 2 24 
238 3 28 
235 3 32 
232 4 36 
230 4 40 
227 4 44 
225 5 48 
222 5 52 
219 6 56 
217 6 60 
214 6 64 
211 7 68 
209 7 72 
206 8 76 
204 8 80 
201 8 84 
198 9 88 
196 9 92 
193 10 96 
191 10 100 
188 10 104 
185 11 108 
183 11 112 
180 12 116 
178 12 120 
175 12 124 
172 13 128 
170 13 132 
167 14 136 
165 14 140 
162 14 144 
159 15 148 
157 15 152 
154 16 156 
152 16 160 
149 16 164 
146 17 169 
144 17 173 
141 18 177 
139 18 181 
136 18 185 
133 19 189 
131 19 193 
128 20 197 
125 20 201 
123 20 205 
120 21 209 
118 21 213 
115 22 217 
112 22 221 
110 22 225 
107 23 229 
105 23 233 
102 24 237 
99 24 241 
97 24 245 
94 25 249 
92 25 253 
90 26 255 
93 30 253 
96 34 251 
98 37 250 
101 41 248 
103 44 246 
106 48 244 
109 52 242 
111 55 240 
114 59 238 
116 63 236 
119 66 234 
122 70 232 
124 73 230 
127 77 228 
129 81 226 
132 84 224 
135 88 223 
137 91 221 
140 95 219 
142 99 217 
145 102 215 
148 106 213 
150 109 211 
153 113 209 
155 117 207 
158 120 205 
161 124 203 
163 128 201 
166 131 199 
168 135 197 
171 138 196 
174 142 194 
176 146 192 
179 149 190 
181 153 188 
184 156 186 
187 160 184 
189 164 182 
192 167 180 
195 171 178 
197 174 176 
200 178 174 
202 182 172 
205 185 170 
208 189 169 
210 193 167 
213 196 165 
215 200 163 
218 203 161 
221 207 159 
223 211 157 
226 214 155 
228 218 153 
231 221 151 
234 225 149 
236 229 147 
239 232 145 
241 236 144 
244 240 142 
247 243 140 
249 247 138 
252 250 136 
254 254 134 
255 254 132 
255 250 132 
255 246 131 
255 242 130 
255 238 129 
255 235 128 
255 231 127 
255 227 127 
255 223 126 
255 219 125 
255 215 124 
255 212 123 
255 208 122 
255 204 121 
255 200 121 
255 196 120 
255 192 119 
255 189 118 
255 185 117 
255 181 116 
255 177 116 
255 173 115 
255 169 114 
255 165 113 
255 162 112 
255 158 111 
255 154 110 
255 150 110 
255 146 109 
255 142 108 
255 139 107 
255 135 106 
255 131 105 
255 127 104 
255 123 104 
255 119 103 
255 116 102 
255 112 101 
255 108 100 
255 104 99 
255 100 99 
255 96 98 
255 92 97 
255 89 96 
255 85 95 
255 81 94 
255 77 93 
255 73 93 
255 69 92 
255 66 91 
255 62 90 
255 58 89 
255 54 88 
255 50 88 
255 46 87 
255 43 86 
255 39 85 
255 35 84 
255 31 83 
255 27 82 
255 23 82 
255 19 81 
255 16 80 
255 12 79 
253 14 81 
249 18 84 
246 21 86 
242 25 89 
238 29 92 
234 33 95 
231 37 98 
227 41 100 
223 44 103 
219 48 106 
216 52 109 
212 56 111 
208 60 114 
205 64 117 
201 67 120 
197 71 123 
193 75 125 
190 79 128 
186 83 131 
182 87 134 
179 91 136 
175 94 139 
171 98 142 
167 102 145 
164 106 148 
160 110 150 
156 114 153 
153 117 156 
149 121 159 
145 125 161 
141 129 164 
138 133 167 
134 137 170 
130 141 173 
126 144 175 
123 148 178 
119 152 181 
115 156 184 
112 160 186 
108 164 189 
104 167 192 
100 171 195 
97 175 197 
93 179 200 
89 183 203 
86 187 206 
82 190 209 
78 194 211 
74 198 214 
71 202 217 
67 206 220 
63 210 222 
59 214 225 
56 217 228 
52 221 231 
48 225 234 
45 229 236 
41 233 239 
37 237 242 
33 240 245 
30 244 247 
26 248 250 
22 252 253 
19 255 255